{
  "hotels": [
    {
      "name": "Hotel Bloomsbury",
      "price_per_night": 95.0,
      "user_rating": 4.4,
      "latitude": 51.52,
      "longitude": -0.125
    },
    {
      "name": "Hotel South Bank",
      "price_per_night": 110.0,
      "user_rating": 4.6,
      "latitude": 51.5065,
      "longitude": -0.1198
    },
    {
      "name": "Hotel Kensington",
      "price_per_night": 130.0,
      "user_rating": 4.5,
      "latitude": 51.4975,
      "longitude": -0.177
    }
  ],
  "pois": [
    {
      "name": "British Museum",
      "category": "Museum",
      "rating": 4.8,
      "duration_min": 120,
      "price": 0.0,
      "latitude": 51.5194,
      "longitude": -0.127,
      "is_meal": false
    },
    {
      "name": "Tower of London",
      "category": "Heritage",
      "rating": 4.7,
      "duration_min": 120,
      "price": 34.0,
      "latitude": 51.5081,
      "longitude": -0.0759,
      "is_meal": false
    },
    {
      "name": "Borough Market",
      "category": "Food",
      "rating": 4.3,
      "duration_min": 60,
      "price": 0.0,
      "latitude": 51.5054,
      "longitude": -0.0911,
      "is_meal": true
    },
    {
      "name": "Covent Garden",
      "category": "Shopping",
      "rating": 4.4,
      "duration_min": 60,
      "price": 0.0,
      "latitude": 51.5123,
      "longitude": -0.1223,
      "is_meal": false
    },
    {
      "name": "National Gallery",
      "category": "Museum",
      "rating": 4.6,
      "duration_min": 90,
      "price": 0.0,
      "latitude": 51.5089,
      "longitude": -0.1283,
      "is_meal": false
    },
    {
      "name": "St Paul\u2019s Cathedral",
      "category": "Heritage",
      "rating": 4.6,
      "duration_min": 75,
      "price": 21.0,
      "latitude": 51.5138,
      "longitude": -0.0984,
      "is_meal": false
    },
    {
      "name": "Hyde Park",
      "category": "Park",
      "rating": 4.6,
      "duration_min": 60,
      "price": 0.0,
      "latitude": 51.5073,
      "longitude": -0.1657,
      "is_meal": false
    },
    {
      "name": "Tate Modern",
      "category": "Museum",
      "rating": 4.6,
      "duration_min": 90,
      "price": 0.0,
      "latitude": 51.5076,
      "longitude": -0.0994,
      "is_meal": false
    },
    {
      "name": "Victoria and Albert Museum",
      "category": "Museum",
      "rating": 4.7,
      "duration_min": 90,
      "price": 0.0,
      "latitude": 51.4966,
      "longitude": -0.1722,
      "is_meal": false
    },
    {
      "name": "Natural History Museum",
      "category": "Museum",
      "rating": 4.7,
      "duration_min": 90,
      "price": 0.0,
      "latitude": 51.4967,
      "longitude": -0.1764,
      "is_meal": false
    },
    {
      "name": "Camden Market",
      "category": "Food",
      "rating": 4.4,
      "duration_min": 75,
      "price": 0.0,
      "latitude": 51.5415,
      "longitude": -0.146,
      "is_meal": true
    },
    {
      "name": "Royal Observatory Greenwich",
      "category": "Heritage",
      "rating": 4.5,
      "duration_min": 90,
      "price": 16.0,
      "latitude": 51.4769,
      "longitude": -0.0005,
      "is_meal": false
    }
  ],
  "poi_poi_distance_km": [
    [
      0.0,
      3.753,
      2.932,
      0.854,
      1.171,
      2.075,
      2.997,
      2.317,
      4.027,
      4.25,
      2.787,
      9.951
    ],
    [
      3.753,
      0.0,
      1.094,
      3.245,
      3.628,
      1.681,
      6.216,
      1.627,
      6.787,
      7.071,
      6.108,
      6.268
    ],
    [
      2.932,
      1.094,
      0.0,
      2.292,
      2.604,
      1.062,
      5.167,
      0.624,
      5.698,
      5.983,
      5.526,
      7.028
    ],
    [
      0.854,
      3.245,
      2.292,
      0.0,
      0.562,
      1.662,
      3.055,
      1.669,
      3.87,
      4.127,
      3.637,
      9.306
    ],
    [
      1.171,
      3.628,
      2.604,
      0.562,
      0.0,
      2.14,
      2.594,
      2.005,
      3.332,
      3.595,
      3.826,
      9.536
    ],
    [
      2.075,
      1.681,
      1.062,
      1.662,
      2.14,
      0.0,
      4.713,
      0.693,
      5.454,
      5.724,
      4.509,
      7.923
    ],
    [
      2.997,
      6.216,
      5.167,
      3.055,
      2.594,
      4.713,
      0.0,
      4.589,
      1.272,
      1.392,
      4.04,
      11.926
    ],
    [
      2.317,
      1.627,
      0.624,
      1.669,
      2.005,
      0.693,
      4.589,
      0.0,
      5.185,
      5.466,
      4.96,
      7.651
    ],
    [
      4.027,
      6.787,
      5.698,
      3.87,
      3.332,
      5.454,
      1.272,
      5.185,
      0.0,
      0.291,
      5.312,
      12.089
    ],
    [
      4.25,
      7.071,
      5.983,
      4.127,
      3.595,
      5.724,
      1.392,
      5.466,
      0.291,
      0.0,
      5.407,
      12.377
    ],
    [
      2.787,
      6.108,
      5.526,
      3.637,
      3.826,
      4.509,
      4.04,
      4.96,
      5.312,
      5.407,
      0.0,
      12.369
    ],
    [
      9.951,
      6.268,
      7.028,
      9.306,
      9.536,
      7.923,
      11.926,
      7.651,
      12.089,
      12.377,
      12.369,
      0.0
    ]
  ]
}